Time [ms],Measured Flow,Simple Moving Average Flow,Exponential Moving Average Flow
"20.0","5.3371","5.3371","5.3371"
"40.0","4.9280","4.9280","5.3290"
"60.0","4.9291","4.9291","5.3212"
"80.0","5.2074","5.2074","5.3190"
"100.0","5.1830","5.1830","5.3163"
"120.0","4.9628","4.9628","5.3094"
"140.0","4.7716","4.7716","5.2988"
"160.0","4.7013","4.7013","5.2871"
"180.0","4.9425","4.9425","5.2803"
"200.0","4.7602","4.7602","5.2701"
"220.0","4.5435","4.5435","5.2559"
"240.0","4.1931","4.1931","5.2351"
"260.0","4.1448","4.1448","5.2137"
"280.0","4.3267","4.3267","5.1963"
"300.0","4.0669","4.0669","5.1741"
"320.0","3.6421","3.6421","5.1441"
"340.0","3.5377","3.5377","5.1126"
"360.0","3.5305","3.5305","5.0816"
"380.0","3.4048","3.4048","5.0487"
"400.0","3.0988","3.0988","5.0105"
"420.0","2.9656","2.9656","4.9704"
"440.0","2.4607","2.4607","4.9212"
"460.0","2.3651","2.3651","4.8711"
"480.0","2.5190","2.5190","4.8249"
"500.0","2.4874","2.4874","4.7791"
"520.0","2.3430","2.3430","4.7313"
"540.0","2.0677","2.0677","4.6791"
"560.0","2.0878","2.0878","4.6283"
"580.0","2.3562","2.3562","4.5837"
"600.0","2.3170","2.3170","4.5393"
"620.0","2.2823","2.2823","4.4950"
"640.0","2.4138","2.4138","4.4542"
"660.0","2.4282","2.4282","4.4145"
"680.0","2.5778","2.5778","4.3785"
"700.0","2.8101","2.8101","4.3477"
"720.0","2.6337","2.6337","4.3141"
"740.0","2.7436","2.7436","4.2833"
"760.0","2.8034","2.8034","4.2543"
"780.0","2.8480","2.8480","4.2267"
"800.0","2.8744","2.8744","4.2002"
"820.0","2.6383","2.6383","4.1696"
"840.0","2.1694","2.1694","4.1304"
"860.0","1.7169","1.7169","4.0831"
"880.0","1.4860","1.4860","4.0321"
"900.0","1.5070","1.5070","3.9826"
"920.0","1.1211","1.1211","3.9265"
"940.0","0.8589","0.8589","3.8664"
"960.0","0.6148","0.6148","3.8026"
"980.0","0.4562","0.4562","3.7370"
"1000.0","0.3891","3.0311","3.6714"
"1020.0","0.4841","2.9340","3.6089"
"1040.0","0.5497","2.8465","3.5489"
"1060.0","0.4892","2.7577","3.4889"
"1080.0","0.2309","2.6581","3.4250"
"1100.0","0.1656","2.5578","3.3611"
"1120.0","0.1378","2.4613","3.2979"
"1140.0","0.1637","2.3691","3.2364"
"1160.0","0.1297","2.2777","3.1755"
"1180.0","-0.0085","2.1787","3.1131"
"1200.0","-0.1096","2.0813","3.0499"
"1220.0","-0.1751","1.9869","2.9867"
"1240.0","-0.1181","1.9007","2.9258"
"1260.0","-0.2353","1.8131","2.8638"
"1280.0","-0.0590","1.7254","2.8065"
"1300.0","1.9928","1.6839","2.7905"
"1320.0","3.8103","1.6873","2.8105"
"1340.0","1.8764","1.6540","2.7922"
"1360.0","0.4147","1.5917","2.7456"
"1380.0","0.7547","1.5387","2.7066"
"1400.0","1.5848","1.5084","2.6846"
"1420.0","1.0118","1.4694","2.6518"
"1440.0","1.1611","1.4434","2.6225"
"1460.0","1.5877","1.4278","2.6022"
"1480.0","1.8859","1.4152","2.5882"
"1500.0","1.5768","1.3969","2.5684"
"1520.0","1.9420","1.3889","2.5561"
"1540.0","2.4255","1.3961","2.5535"
"1560.0","2.7399","1.4091","2.5572"
"1580.0","2.7435","1.4169","2.5608"
"1600.0","2.9150","1.4288","2.5678"
"1620.0","3.2680","1.4485","2.5815"
"1640.0","3.9760","1.4798","2.6089"
"1660.0","4.0205","1.5116","2.6365"
"1680.0","4.1350","1.5428","2.6659"
"1700.0","4.5384","1.5773","2.7026"
"1720.0","4.8610","1.6219","2.7450"
"1740.0","5.2195","1.6714","2.7935"
"1760.0","5.4135","1.7236","2.8448"
"1780.0","5.3402","1.7735","2.8938"
"1800.0","5.2952","1.8219","2.9409"
"1820.0","5.4738","1.8786","2.9905"
"1840.0","5.4574","1.9443","3.0389"
"1860.0","5.2162","2.0143","3.0816"
"1880.0","5.3822","2.0922","3.1267"
"1900.0","5.2595","2.1673","3.1685"
"1920.0","5.3755","2.2524","3.2118"
"1940.0","5.4315","2.3438","3.2553"
"1960.0","4.9580","2.4307","3.2887"
"1980.0","4.9731","2.5210","3.3217"
"2000.0","5.1271","2.6158","3.3571"
"2020.0","5.0451","2.7070","3.3902"
"2040.0","4.9406","2.7948","3.4206"
"2060.0","4.8411","2.8819","3.4485"
"2080.0","4.6039","2.9693","3.4711"
"2100.0","4.4110","3.0542","3.4896"
"2120.0","4.4810","3.1411","3.5090"
"2140.0","4.4424","3.2267","3.5273"
"2160.0","4.1895","3.3079","3.5403"
"2180.0","3.8909","3.3859","3.5472"
"2200.0","3.5123","3.4583","3.5465"
"2220.0","3.5393","3.5326","3.5463"
"2240.0","3.6051","3.6070","3.5475"
"2260.0","3.2730","3.6772","3.5421"
"2280.0","2.7211","3.7328","3.5260"
"2300.0","2.7228","3.7474","3.5103"
"2320.0","2.6217","3.7236","3.4928"
"2340.0","2.5932","3.7380","3.4752"
"2360.0","2.2932","3.7755","3.4520"
"2380.0","2.0813","3.8021","3.4251"
"2400.0","2.2124","3.8146","3.4014"
"2420.0","2.2308","3.8390","3.3784"
"2440.0","2.3269","3.8623","3.3578"
"2460.0","2.2618","3.8758","3.3363"
"2480.0","2.3302","3.8847","3.3166"
"2500.0","2.5487","3.9041","3.3015"
"2520.0","2.3637","3.9126","3.2831"
"2540.0","2.7215","3.9185","3.2721"
"2560.0","2.5208","3.9141","3.2574"
"2580.0","2.4473","3.9082","3.2415"
"2600.0","2.5739","3.9014","3.2284"
"2620.0","2.9817","3.8956","3.2236"
"2640.0","2.9707","3.8755","3.2186"
"2660.0","2.8778","3.8527","3.2119"
"2680.0","2.7814","3.8256","3.2035"
"2700.0","2.8000","3.7908","3.1956"
"2720.0","2.5895","3.7454","3.1837"
"2740.0","1.7781","3.6766","3.1561"
"2760.0","1.5054","3.5984","3.1238"
"2780.0","1.3179","3.5180","3.0884"
"2800.0","1.3479","3.4390","3.0542"
"2820.0","1.3101","3.3557","3.0200"
"2840.0","0.9812","3.2662","2.9801"
"2860.0","0.8756","3.1794","2.9388"
"2880.0","0.7188","3.0861","2.8953"
"2900.0","0.6088","2.9931","2.8504"
"2920.0","0.7921","2.9015","2.8101"
"2940.0","0.6123","2.8051","2.7670"
"2960.0","0.4823","2.7156","2.7222"
"2980.0","0.3812","2.6237","2.6763"
"3000.0","0.3832","2.5288","2.6313"
"3020.0","0.5552","2.4390","2.5906"
"3040.0","0.5731","2.3517","2.5510"
"3060.0","0.3996","2.2629","2.5089"
"3080.0","0.2490","2.1758","2.4646"
"3100.0","0.3528","2.0946","2.4231"
"3120.0","0.2138","2.0093","2.3798"
"3140.0","0.1958","1.9243","2.3370"
"3160.0","0.0244","1.8410","2.2917"
"3180.0","0.0196","1.7636","2.2471"
"3200.0","-0.0530","1.6923","2.2020"
"3220.0","0.0822","1.6232","2.1604"
"3240.0","0.0221","1.5515","2.1185"
"3260.0","-0.4334","1.4774","2.0685"
"3280.0","-0.3978","1.4150","2.0201"
"3300.0","-0.1449","1.3576","1.9777"
"3320.0","1.5517","1.3362","1.9693"
"3340.0","3.7181","1.3587","2.0036"
"3360.0","1.9199","1.3513","2.0020"
"3380.0","0.1927","1.3135","1.9665"
"3400.0","0.7143","1.2835","1.9419"
"3420.0","1.7120","1.2732","1.9374"
"3440.0","1.3895","1.2544","1.9267"
"3460.0","1.0169","1.2295","1.9088"
"3480.0","1.3726","1.2104","1.8983"
"3500.0","1.7893","1.1952","1.8962"
"3520.0","1.8989","1.1859","1.8962"
"3540.0","2.1586","1.1746","1.9014"
"3560.0","2.0991","1.1662","1.9053"
"3580.0","2.3371","1.1640","1.9137"
"3600.0","2.6454","1.1654","1.9281"
"3620.0","3.1692","1.1692","1.9524"
"3640.0","3.5839","1.1814","1.9844"
"3660.0","3.5698","1.1953","2.0155"
"3680.0","3.8449","1.2165","2.0514"
"3700.0","4.3226","1.2470","2.0959"
"3720.0","4.8156","1.2915","2.1492"
"3740.0","5.0363","1.3567","2.2058"
"3760.0","5.0740","1.4280","2.2621"
"3780.0","5.1555","1.5048","2.3188"
"3800.0","5.2013","1.5819","2.3753"
"3820.0","5.4285","1.6642","2.4352"
"3840.0","5.2300","1.7492","2.4900"
"3860.0","5.1695","1.8351","2.5425"
"3880.0","5.1163","1.9230","2.5930"
"3900.0","5.1432","2.0137","2.6430"
"3920.0","5.3717","2.1053","2.6965"
"3940.0","5.6776","2.2066","2.7550"
"3960.0","5.1936","2.3008","2.8028"
"3980.0","5.0927","2.3951","2.8477"
"4000.0","5.2485","2.4924","2.8947"
"4020.0","5.4373","2.5900","2.9446"
"4040.0","5.1994","2.6825","2.9888"
"4060.0","4.8975","2.7725","3.0262"
"4080.0","4.8513","2.8646","3.0620"
"4100.0","4.8631","2.9548","3.0973"
"4120.0","4.6594","3.0437","3.1280"
"4140.0","4.6970","3.1337","3.1587"
"4160.0","4.5624","3.2245","3.1863"
"4180.0","4.3071","3.3102","3.2082"
"4200.0","4.3162","3.3976","3.2300"
"4220.0","4.2174","3.4803","3.2493"
"4240.0","3.9188","3.5582","3.2624"
"4260.0","3.6472","3.6398","3.2700"
"4280.0","3.4969","3.7177","3.2744"
"4300.0","3.1393","3.7834","3.2718"
"4320.0","3.1840","3.8161","3.2701"
"4340.0","2.9355","3.8004","3.2635"
"4360.0","2.5342","3.8127","3.2492"
"4380.0","2.4751","3.8583","3.2340"
"4400.0","2.2478","3.8890","3.2147"
"4420.0","2.2822","3.9004","3.1964"
"4440.0","2.4589","3.9218","3.1819"
"4460.0","2.0746","3.9430","3.1602"
"4480.0","2.0740","3.9570","3.1389"
"4500.0","2.2269","3.9657","3.1210"
"4520.0","2.3006","3.9738","3.1050"
"4540.0","2.2568","3.9757","3.0883"
"4560.0","2.2176","3.9781","3.0713"
"4580.0","2.3049","3.9775","3.0562"
"4600.0","2.5333","3.9752","3.0460"
"4620.0","2.8222","3.9683","3.0416"
"4640.0","2.8118","3.9528","3.0371"
"4660.0","2.7287","3.9360","3.0310"
"4680.0","2.5873","3.9109","3.0223"
"4700.0","2.7983","3.8804","3.0179"
"4720.0","2.9620","3.8433","3.0168"
"4740.0","2.9433","3.8014","3.0154"
"4760.0","2.3815","3.7476","3.0030"
"4780.0","1.6489","3.6775","2.9764"
"4800.0","1.3786","3.6010","2.9451"
"4820.0","1.4595","3.5216","2.9160"
"4840.0","1.1325","3.4397","2.8810"
"4860.0","1.0169","3.3566","2.8444"
"4880.0","0.8005","3.2703","2.8044"
"4900.0","0.8584","3.1846","2.7662"
"4920.0","0.9374","3.0959","2.7303"
"4940.0","0.9196","3.0008","2.6948"
"4960.0","0.7026","2.9110","2.6558"
"4980.0","0.5836","2.8208","2.6152"
"5000.0","0.4852","2.7255","2.5734"
"5020.0","0.7985","2.6327","2.5386"
"5040.0","0.6595","2.5419","2.5017"
"5060.0","0.3068","2.4501","2.4587"
"5080.0","0.3328","2.3597","2.4170"
"5100.0","0.2176","2.2668","2.3739"
"5120.0","0.3726","2.1811","2.3347"
"5140.0","0.4801","2.0968","2.2983"
"5160.0","0.1156","2.0078","2.2555"
"5180.0","0.0357","1.9224","2.2120"
"5200.0","0.1549","1.8392","2.1716"
"5220.0","0.1051","1.7569","2.1311"
"5240.0","0.0584","1.6797","2.0905"
"5260.0","-0.3085","1.6006","2.0434"
"5280.0","-0.1777","1.5271","1.9999"
"5300.0","-0.1933","1.4605","1.9569"
"5320.0","-0.1307","1.3942","1.9159"
"5340.0","-0.0398","1.3347","1.8776"
"5360.0","1.3702","1.3114","1.8676"
"5380.0","3.2224","1.3263","1.8942"
"5400.0","1.5509","1.3124","1.8875"
"5420.0","0.2017","1.2708","1.8544"
"5440.0","0.7876","1.2374","1.8335"
"5460.0","1.4126","1.2241","1.8253"
"5480.0","1.0713","1.2041","1.8105"
"5500.0","0.9546","1.1786","1.7937"
"5520.0","1.6132","1.1649","1.7902"
"5540.0","1.9112","1.1580","1.7925"
"5560.0","1.6478","1.1466","1.7897"
"5580.0","1.7812","1.1361","1.7895"
"5600.0","2.2416","1.1303","1.7984"
"5620.0","2.6568","1.1269","1.8152"
"5640.0","2.7595","1.1259","1.8337"
"5660.0","3.0275","1.1319","1.8571"
"5680.0","3.4941","1.1500","1.8892"
"5700.0","3.8024","1.1701","1.9267"
"5720.0","4.1996","1.1948","1.9713"
"5740.0","4.5049","1.2261","2.0210"
"5760.0","4.5613","1.2697","2.0708"
"5780.0","4.7762","1.3322","2.1238"
"5800.0","4.8951","1.4026","2.1782"
"5820.0","5.5069","1.4835","2.2435"
"5840.0","5.3690","1.5682","2.3047"
"5860.0","5.1657","1.6512","2.3608"
"5880.0","5.1739","1.7387","2.4160"
"5900.0","5.2624","1.8268","2.4718"
"5920.0","5.5871","1.9197","2.5329"
"5940.0","5.4556","2.0105","2.5902"
"5960.0","5.1531","2.0995","2.6405"
"5980.0","5.2548","2.1929","2.6917"
"6000.0","5.3336","2.2899","2.7435"
"6020.0","5.3911","2.3817","2.7954"
"6040.0","5.1936","2.4724","2.8425"
"6060.0","5.1282","2.5688","2.8873"
"6080.0","5.0875","2.6639","2.9304"
"6100.0","5.0992","2.7616","2.9729"
"6120.0","5.1069","2.8562","3.0148"
"6140.0","4.9363","2.9454","3.0525"
"6160.0","4.6894","3.0368","3.0846"
"6180.0","4.6185","3.1285","3.1146"
"6200.0","4.5555","3.2165","3.1429"
"6220.0","4.5813","3.3060","3.1711"
"6240.0","4.3139","3.3911","3.1935"
"6260.0","3.8587","3.4745","3.2065"
"6280.0","3.6359","3.5508","3.2150"
"6300.0","3.7270","3.6292","3.2250"
"6320.0","3.4937","3.7017","3.2303"
"6340.0","3.3339","3.7691","3.2323"
"6360.0","3.1075","3.8039","3.2298"
"6380.0","2.7077","3.7936","3.2196"
"6400.0","2.5134","3.8128","3.2058"
"6420.0","2.6372","3.8615","3.1946"
"6440.0","2.4552","3.8949","3.1801"
"6460.0","2.2236","3.9111","3.1614"
"6480.0","2.3958","3.9376","3.1464"
"6500.0","2.0650","3.9598","3.1251"
"6520.0","2.3242","3.9740","3.1094"
"6540.0","2.3794","3.9834","3.0951"
"6560.0","2.3359","3.9972","3.0802"
"6580.0","2.3395","4.0083","3.0657"
"6600.0","2.1402","4.0063","3.0476"
"6620.0","2.5336","4.0038","3.0375"
"6640.0","2.9728","4.0081","3.0362"
"6660.0","2.5772","3.9991","3.0272"
"6680.0","2.3836","3.9769","3.0146"
"6700.0","2.7430","3.9557","3.0093"
"6720.0","2.7532","3.9268","3.0043"
"6740.0","2.8355","3.8934","3.0009"
"6760.0","2.6846","3.8558","2.9947"
"6780.0","2.7738","3.8158","2.9904"
"6800.0","2.2614","3.7631","2.9761"
"6820.0","1.8208","3.6894","2.9535"
"6840.0","1.3186","3.6084","2.9214"
"6860.0","1.2568","3.5302","2.8888"
"6880.0","1.1052","3.4488","2.8538"
"6900.0","1.0567","3.3647","2.8186"
"6920.0","1.0903","3.2748","2.7847"
"6940.0","1.0279","3.1862","2.7502"
"6960.0","0.9660","3.1025","2.7152"
"6980.0","0.5232","3.0079","2.6723"
"7000.0","0.7526","2.9162","2.6346"
"7020.0","0.9146","2.8267","2.6009"
"7040.0","0.7471","2.7378","2.5645"
"7060.0","0.5402","2.6460","2.5249"
"7080.0","0.4106","2.5525","2.4834"
"7100.0","0.5314","2.4611","2.4451"
"7120.0","0.5475","2.3699","2.4079"
"7140.0","0.4355","2.2799","2.3692"
"7160.0","0.4022","2.1942","2.3307"
"7180.0","0.3094","2.1080","2.2910"
"7200.0","0.3124","2.0231","2.2522"
"7220.0","0.3675","1.9389","2.2153"
"7240.0","0.1943","1.8565","2.1757"
"7260.0","0.0013","1.7793","2.1330"
"7280.0","-0.0857","1.7049","2.0895"
"7300.0","0.0059","1.6305","2.0487"
"7320.0","0.1431","1.5635","2.0113"
"7340.0","-0.1103","1.4946","1.9697"
"7360.0","-0.2006","1.4284","1.9271"
"7380.0","-0.0091","1.3741","1.8892"
"7400.0","1.7786","1.3594","1.8870"
"7420.0","3.4333","1.3753","1.9173"
"7440.0","1.4146","1.3545","1.9075"
"7460.0","0.1931","1.3139","1.8739"
"7480.0","0.7876","1.2817","1.8526"
"7500.0","1.3015","1.2664","1.8418"
"7520.0","1.2955","1.2459","1.8310"
"7540.0","1.0462","1.2192","1.8157"
"7560.0","1.3171","1.1988","1.8059"
"7580.0","1.8896","1.1898","1.8075"
"7600.0","1.7378","1.1818","1.8062"
"7620.0","2.1730","1.1746","1.8133"
"7640.0","2.5351","1.1658","1.8275"
"7660.0","2.4784","1.1638","1.8403"
"7680.0","2.8773","1.1737","1.8606"
"7700.0","3.3541","1.1859","1.8899"
"7720.0","3.7432","1.2057","1.9262"
"7740.0","3.8170","1.2254","1.9633"
"7760.0","4.1872","1.2554","2.0069"
"7780.0","4.3105","1.2862","2.0521"
"7800.0","4.7362","1.3356","2.1047"
"7820.0","5.4121","1.4075","2.1696"
"7840.0","5.4913","1.4909","2.2347"
"7860.0","5.2219","1.5702","2.2933"
"7880.0","5.4070","1.6563","2.3543"
"7900.0","5.4467","1.7441","2.4149"
"7920.0","5.5402","1.8331","2.4762"
"7940.0","5.5984","1.9245","2.5374"
"7960.0","5.3394","2.0119","2.5924"
"7980.0","5.0934","2.1033","2.6414"
"8000.0","5.3874","2.1960","2.6953"
"8020.0","5.5667","2.2891","2.7516"
"8040.0","5.4455","2.3831","2.8044"
"8060.0","5.2080","2.4764","2.8515"
"8080.0","5.1742","2.5717","2.8971"
"8100.0","5.1359","2.6638","2.9410"
"8120.0","5.3167","2.7592","2.9875"
"8140.0","5.1266","2.8530","3.0295"
"8160.0","4.8756","2.9424","3.0657"
"8180.0","4.7075","3.0304","3.0979"
"8200.0","4.6055","3.1163","3.1274"
"8220.0","4.7440","3.2038","3.1591"
"8240.0","4.6545","3.2930","3.1885"
"8260.0","4.4102","4.4102","4.4102"
"8280.0","3.9972","3.9972","4.3697"
"8300.0","4.2089","4.2089","4.3539"
"8320.0","4.0050","4.0050","4.3197"
"8340.0","3.6692","3.6692","4.2559"
"8360.0","3.3599","3.3599","4.1681"
"8380.0","3.3537","3.3537","4.0882"
"8400.0","3.2068","3.2068","4.0018"
"8420.0","2.8950","2.8950","3.8933"
"8440.0","2.6815","2.6815","3.7745"
"8460.0","2.3205","2.3205","3.6320"
"8480.0","2.2510","2.2510","3.4966"
"8500.0","2.3275","2.3275","3.3820"
"8520.0","2.5226","2.5226","3.2977"
"8540.0","2.3134","2.3134","3.2012"
"8560.0","2.2785","2.2785","3.1108"
"8580.0","2.0992","2.0992","3.0116"
"8600.0","2.2328","2.2328","2.9352"
"8620.0","2.5987","2.5987","2.9022"
"8640.0","2.3813","2.3813","2.8512"
"8660.0","2.2750","2.2750","2.7947"
"8680.0","2.5840","2.5840","2.7740"
"8700.0","2.6119","2.6119","2.7581"
"8720.0","2.7730","2.7730","2.7596"
"8740.0","2.6713","2.6713","2.7509"
"8760.0","2.5538","2.5538","2.7316"
"8780.0","2.8564","2.8564","2.7438"
"8800.0","2.8625","2.8625","2.7555"
"8820.0","2.7717","2.7717","2.7571"
"8840.0","2.5936","2.5936","2.7410"
"8860.0","1.8040","1.8040","2.6492"
"8880.0","1.2619","1.2619","2.5132"
"8900.0","1.3849","1.3849","2.4025"
"8920.0","1.2766","1.2766","2.2921"
"8940.0","1.1766","1.1766","2.1828"
"8960.0","0.8291","0.8291","2.0501"
"8980.0","0.7763","0.7763","1.9252"
"9000.0","0.8843","0.8843","1.8231"
"9020.0","0.8636","0.8636","1.7291"
"9040.0","0.7783","0.7783","1.6359"
"9060.0","0.5510","0.5510","1.5295"
"9080.0","0.6314","0.6314","1.4415"
"9100.0","0.6533","0.6533","1.3642"
"9120.0","0.6706","0.6706","1.2962"
"9140.0","0.5295","0.5295","1.2210"
"9160.0","0.3239","0.3239","1.1331"
"9180.0","0.3011","0.3011","1.0515"
"9200.0","0.2789","0.2789","0.9757"
"9220.0","0.3555","0.3555","0.9149"
"9240.0","0.1869","2.0237","0.8436"
"9260.0","0.0676","1.9368","0.7675"
"9280.0","-0.0194","1.8565","0.6903"
"9300.0","0.0148","1.7726","0.6241"
"9320.0","0.0757","1.6940","0.5704"
"9340.0","-0.0403","1.6198","0.5105"
"9360.0","-0.2616","1.5474","0.4348"
"9380.0","-0.1970","1.4764","0.3729"
"9400.0","-0.2325","1.4076","0.3135"
"9420.0","0.0822","1.3513","0.2908"
"9440.0","2.0352","1.3384","0.4619"
"9460.0","3.1138","1.3543","0.7218"
"9480.0","0.9732","1.3287","0.7465"
"9500.0","0.2574","1.2873","0.6985"
"9520.0","1.0670","1.2582","0.7347"
"9540.0","1.4679","1.2413","0.8065"
"9560.0","0.6634","1.2090","0.7925"
"9580.0","0.8120","1.1833","0.7944"
"9600.0","1.6906","1.1724","0.8823"
"9620.0","1.8520","1.1575","0.9774"
"9640.0","1.7205","1.1443","1.0502"
"9660.0","1.7893","1.1346","1.1227"
"9680.0","2.1523","1.1259","1.2236"
"9700.0","2.5278","1.1242","1.3515"
"9720.0","2.7673","1.1241","1.4903"
"9740.0","3.0532","1.1318","1.6435"
"9760.0","3.1957","1.1446","1.7957"
"9780.0","3.4545","1.1566","1.9583"
"9800.0","3.9476","1.1783","2.1533"
"9820.0","4.4017","1.2109","2.3738"
"9840.0","4.5872","1.2507","2.5908"
"9860.0","4.7396","1.3095","2.8014"
"9880.0","4.9370","1.3830","3.0108"
"9900.0","5.2607","1.4605","3.2314"
"9920.0","5.3466","1.5419","3.4388"
"9940.0","5.3696","1.6257","3.6281"
"9960.0","5.1661","1.7125","3.7789"
"9980.0","5.3033","1.8030","3.9283"
"10000.0","5.4169","1.8937","4.0743"
"10020.0","5.4232","1.9849","4.2065"
"10040.0","5.3880","2.0770","4.3223"
"10060.0","5.2131","2.1703","4.4097"
"10080.0","5.2973","2.2636","4.4967"
"10100.0","5.2662","2.3559","4.5721"
"10120.0","5.2175","2.4468","4.6354"
"10140.0","5.2370","2.5410","4.6944"
"10160.0","5.2336","2.6391","4.7472"
"10180.0","5.0714","2.7346","4.7790"
"10200.0","4.9881","2.8287","4.7995"
"10220.0","4.9824","2.9213","4.8174"
"10240.0","4.8224","3.0140","4.8179"
"10260.0","4.7997","3.1086","4.8161"
"10280.0","4.3520","3.1961","4.7706"
"10300.0","4.3734","3.2832","4.7317"
"10320.0","4.2876","3.3675","4.6882"
"10340.0","4.2220","3.4527","4.6425"
"10360.0","3.7639","3.5332","4.5563"
"10380.0","3.4636","3.6064","4.4492"
"10400.0","3.4816","3.6807","4.3543"
"10420.0","3.3665","3.7464","4.2575"
"10440.0","3.1600","3.7689","4.1499"
"10460.0","2.6386","3.7594","4.0017"
"10480.0","2.5548","3.7910","3.8599"
"10500.0","2.5871","3.8376","3.7351"
"10520.0","2.5472","3.8672","3.6186"
"10540.0","2.3728","3.8853","3.4965"
"10560.0","2.0327","3.9127","3.3530"
"10580.0","2.0580","3.9376","3.2260"
"10600.0","2.2132","3.9481","3.1267"
"10620.0","2.2330","3.9557","3.0391"
"10640.0","2.4332","3.9699","2.9797"
"10660.0","2.3337","3.9808","2.9164"
"10680.0","2.1593","3.9810","2.8421"
"10700.0","2.4635","3.9797","2.8050"
"10720.0","2.7816","3.9800","2.8027"
"10740.0","2.7507","3.9739","2.7976"
"10760.0","2.4485","3.9590","2.7634"
"10780.0","2.6073","3.9420","2.7481"
"10800.0","2.8255","3.9196","2.7557"
"10820.0","2.9536","3.8906","2.7751"
"10840.0","2.9698","3.8583","2.7942"
"10860.0","2.7682","3.8189","2.7916"
"10880.0","2.4504","3.7691","2.7582"
"10900.0","1.9680","3.7033","2.6807"
"10920.0","1.5506","3.6274","2.5699"
"10940.0","1.2321","3.5446","2.4388"
"10960.0","1.0934","3.4631","2.3069"
"10980.0","1.0828","3.3787","2.1868"
"11000.0","0.9068","3.2885","2.0614"
"11020.0","0.9761","3.1996","1.9550"
"11040.0","0.8407","3.1086","1.8457"
"11060.0","0.6735","3.0179","1.7308"
"11080.0","0.7413","2.9267","1.6338"
"11100.0","0.6753","2.8349","1.5398"
"11120.0","0.9431","2.7494","1.4813"
"11140.0","0.6834","2.6584","1.4031"
"11160.0","0.3790","2.5613","1.3027"
"11180.0","0.4194","2.4682","1.2161"
"11200.0","0.4714","2.3779","1.1431"
"11220.0","0.5010","2.2883","1.0801"
"11240.0","0.4318","2.2004","1.0166"
"11260.0","0.1976","2.1084","0.9363"
"11280.0","0.2376","2.0261","0.8678"
"11300.0","0.3285","1.9452","0.8149"
"11320.0","0.1756","1.8630","0.7522"
"11340.0","0.1751","1.7820","0.6956"
"11360.0","0.0278","1.7073","0.6302"
"11380.0","-0.0304","1.6374","0.5654"
"11400.0","-0.1058","1.5657","0.4996"
"11420.0","-0.1207","1.4959","0.4388"
"11440.0","-0.1960","1.4288","0.3766"
"11460.0","-0.0222","1.3756","0.3375"
"11480.0","2.0276","1.3651","0.5032"
"11500.0","3.1308","1.3759","0.7608"
"11520.0","0.9154","1.3433","0.7759"
"11540.0","0.1454","1.2988","0.7141"
"11560.0","0.7601","1.2733","0.7186"
"11580.0","1.0883","1.2539","0.7549"
"11600.0","0.9052","1.2278","0.7696"
"11620.0","1.1550","1.2062","0.8074"
"11640.0","1.4821","1.1872","0.8735"
"11660.0","1.5410","1.1713","0.9390"
"11680.0","1.5146","1.1584","0.9954"
"11700.0","1.9634","1.1484","1.0903"
"11720.0","2.5026","1.1428","1.2288"
"11740.0","2.5861","1.1395","1.3618"
"11760.0","2.5925","1.1424","1.4825"
"11780.0","2.9199","1.1487","1.6234"
"11800.0","3.3457","1.1591","1.7923"
"11820.0","3.9115","1.1782","2.0000"
"11840.0","3.8696","1.1962","2.1833"
"11860.0","3.9832","1.2205","2.3598"
"11880.0","4.2919","1.2574","2.5492"
"11900.0","4.8268","1.3145","2.7725"
"11920.0","5.3332","1.3902","3.0236"
"11940.0","5.1624","1.4688","3.2332"
"11960.0","5.1565","1.5501","3.4218"
"11980.0","5.1800","1.6320","3.5942"
"12000.0","5.3063","1.7200","3.7620"
"12020.0","5.2907","1.8063","3.9119"
"12040.0","5.1997","1.8935","4.0382"
"12060.0","4.9898","1.9798","4.1315"
"12080.0","5.1178","2.0673","4.2282"
"12100.0","5.3134","2.1601","4.3345"
"12120.0","5.3582","2.2484","4.4349"
"12140.0","5.0637","2.3360","4.4966"
"12160.0","4.8008","2.4244","4.5264"
"12180.0","4.9930","2.5159","4.5721"
"12200.0","5.3118","2.6127","4.6446"
"12220.0","5.1589","2.7059","4.6951"
"12240.0","5.1670","2.8006","4.7413"
"12260.0","4.9677","2.8960","4.7635"
"12280.0","4.7080","2.9854","4.7581"
"12300.0","4.6722","3.0723","4.7497"
"12320.0","4.8577","3.1659","4.7602"
"12340.0","4.5010","3.2524","4.7348"
"12360.0","4.2473","3.3368","4.6870"
"12380.0","3.9927","3.4173","4.6190"
"12400.0","3.8912","3.4972","4.5476"
"12420.0","3.7394","3.5744","4.4684"
"12440.0","3.5677","3.6497","4.3801"
"12460.0","3.2932","3.7160","4.2735"
"12480.0","3.0734","3.7369","4.1559"
"12500.0","3.0272","3.7348","4.0452"
"12520.0","2.5373","3.7673","3.8974"
"12540.0","2.6173","3.8167","3.7719"
"12560.0","2.4138","3.8498","3.6387"
"12580.0","2.1765","3.8716","3.4954"
"12600.0","2.3240","3.8999","3.3805"
"12620.0","2.4105","3.9250","3.2854"
"12640.0","2.2784","3.9410","3.1867"
"12660.0","2.0643","3.9514","3.0767"
"12680.0","2.1496","3.9641","2.9858"
"12700.0","2.5143","3.9752","2.9395"
"12720.0","2.5878","3.9769","2.9051"
"12740.0","2.4784","3.9747","2.8632"
"12760.0","2.3916","3.9707","2.8170"
"12780.0","2.6421","3.9651","2.7998"
"12800.0","2.7523","3.9533","2.7952"
"12820.0","2.8529","3.9321","2.8008"
"12840.0","2.8828","3.9123","2.8089"
"12860.0","2.5933","3.8846","2.7877"
"12880.0","2.5959","3.8506","2.7689"
"12900.0","2.8273","3.8106","2.7747"
"12920.0","2.7563","3.7591","2.7728"
"12940.0","2.1641","3.6991","2.7132"
"12960.0","1.3287","3.6226","2.5774"
"12980.0","1.1442","3.5419","2.4369"
"13000.0","1.1673","3.4591","2.3125"
"13020.0","1.2463","3.3782","2.2079"
"13040.0","0.9483","3.2932","2.0844"
"13060.0","0.8064","3.2095","1.9591"
"13080.0","0.8043","3.1232","1.8459"
"13100.0","0.7480","3.0319","1.7383"
"13120.0","0.8159","2.9411","1.6478"
"13140.0","0.8765","2.8573","1.5722"
"13160.0","0.6878","2.7751","1.4855"
"13180.0","0.5527","2.6863","1.3941"
"13200.0","0.6588","2.5932","1.3220"
"13220.0","0.5101","2.5002","1.2424"
"13240.0","0.4423","2.4057","1.1639"
"13260.0","0.3578","2.3135","1.0849"
"13280.0","0.3167","2.2257","1.0096"
"13300.0","0.3198","2.1387","0.9420"
"13320.0","0.2584","2.0467","0.8749"
"13340.0","0.2316","1.9613","0.8119"
"13360.0","0.1193","1.8787","0.7440"
"13380.0","-0.0406","1.7981","0.6670"
"13400.0","0.1076","1.7224","0.6122"
"13420.0","0.0670","1.6489","0.5588"
"13440.0","0.0190","1.5780","0.5058"
"13460.0","-0.1979","1.5081","0.4368"
"13480.0","-0.4056","1.4386","0.3542"
"13500.0","0.0068","1.3782","0.3202"
"13520.0","2.1228","1.3699","0.4969"
"13540.0","2.8588","1.3747","0.7285"
"13560.0","0.8406","1.3432","0.7395"
"13580.0","0.1343","1.3024","0.6801"
"13600.0","0.8438","1.2728","0.6962"
"13620.0","1.3460","1.2515","0.7599"
"13640.0","0.8841","1.2236","0.7721"
"13660.0","0.7486","1.1973","0.7697"
"13680.0","1.4373","1.1830","0.8352"
"13700.0","1.7029","1.1668","0.9203"
"13720.0","1.9528","1.1541","1.0215"
"13740.0","2.0234","1.1450","1.1197"
"13760.0","2.1225","1.1396","1.2180"
"13780.0","2.4858","1.1365","1.3423"
"13800.0","2.8712","1.1389","1.4922"
"13820.0","3.2695","1.1472","1.6665"
"13840.0","3.4268","1.1581","1.8390"
"13860.0","3.6386","1.1790","2.0155"
"13880.0","3.9583","1.2063","2.2059"
"13900.0","4.1543","1.2328","2.3970"
"13920.0","4.6704","1.2711","2.6198"
"13940.0","5.0135","1.3281","2.8545"
"13960.0","4.8746","1.3990","3.0526"
"13980.0","5.0457","1.4770","3.2480"
"14000.0","5.2953","1.5596","3.4487"
"14020.0","5.3190","1.6410","3.6321"
"14040.0","5.2529","1.7271","3.7910"
"14060.0","5.1256","1.8135","3.9218"
"14080.0","5.1234","1.8999","4.0396"
"14100.0","5.2603","1.9901","4.1593"
"14120.0","5.3886","2.0816","4.2798"
"14140.0","5.2920","2.1699","4.3790"
"14160.0","5.1741","2.2596","4.4570"
"14180.0","4.9004","2.3466","4.5005"
"14200.0","5.0442","2.4343","4.5538"
"14220.0","5.1939","2.5280","4.6165"
"14240.0","5.1481","2.6221","4.6686"
"14260.0","5.0547","2.7160","4.7065"
"14280.0","4.7151","2.8040","4.7073"
"14300.0","4.8923","2.8954","4.7255"
"14320.0","5.0801","2.9919","4.7602"
"14340.0","4.9260","3.0858","4.7765"
"14360.0","4.4137","3.1716","4.7409"
"14380.0","4.3971","3.2604","4.7072"
"14400.0","4.4083","3.3464","4.6779"
"14420.0","4.3206","3.4315","4.6429"
"14440.0","3.9323","3.5098","4.5732"
"14460.0","3.6025","3.5858","4.4780"
"14480.0","3.4659","3.6632","4.3788"
"14500.0","3.3441","3.7299","4.2774"
"14520.0","3.3141","3.7538","4.1829"
"14540.0","3.0703","3.7580","4.0738"
"14560.0","2.5497","3.7922","3.9244"
"14580.0","2.5720","3.8409","3.7918"
"14600.0","2.5167","3.8744","3.6668"
"14620.0","2.4688","3.8968","3.5494"
"14640.0","2.3689","3.9265","3.4336"
"14660.0","2.1660","3.9549","3.3094"
"14680.0","2.1993","3.9701","3.2005"
"14700.0","2.2079","3.9802","3.1032"
"14720.0","2.2277","3.9857","3.0174"
"14740.0","2.2881","3.9910","2.9459"
"14760.0","2.3867","3.9963","2.8911"
"14780.0","2.4441","3.9955","2.8472"
"14800.0","2.5188","3.9884","2.8150"
"14820.0","2.6101","3.9752","2.7949"
"14840.0","2.5553","3.9578","2.7715"
"14860.0","2.4882","3.9348","2.7437"
"14880.0","2.5266","3.9062","2.7224"
"14900.0","2.8191","3.8795","2.7319"
"14920.0","2.8436","3.8429","2.7428"
"14940.0","2.8157","3.7990","2.7500"
"14960.0","2.5195","3.7519","2.7274"
"14980.0","1.8997","3.6889","2.6462"
"15000.0","1.5036","3.6131","2.5342"
"15020.0","1.4302","3.5353","2.4260"
"15040.0","1.3640","3.4576","2.3219"
"15060.0","0.9416","3.3739","2.1865"
"15080.0","0.9423","3.2903","2.0645"
"15100.0","0.7169","3.1994","1.9324"
"15120.0","1.0611","3.1128","1.8470"
"15140.0","0.9417","3.0258","1.7582"
"15160.0","0.5831","2.9340","1.6430"
"15180.0","0.5916","2.8478","1.5399"
"15200.0","0.6195","2.7593","1.4497"
"15220.0","0.8321","2.6721","1.3892"
"15240.0","0.6389","2.5819","1.3156"
"15260.0","0.3952","2.4887","1.2254"
"15280.0","0.3891","2.4022","1.1434"
"15300.0","0.5104","2.3146","1.0813"
"15320.0","0.3856","2.2207","1.0131"
"15340.0","0.4070","2.1303","0.9537"
"15360.0","0.2082","2.0462","0.8806"
"15380.0","0.0664","1.9596","0.8008"
"15400.0","0.2647","1.8767","0.7482"
"15420.0","0.1575","1.7934","0.6903"
"15440.0","0.1173","1.7171","0.6341"
"15460.0","-0.0411","1.6443","0.5679"
"15480.0","-0.0478","1.5740","0.5076"
"15500.0","-0.1237","1.5046","0.4457"
"15520.0","-0.1333","1.4357","0.3889"
"15540.0","0.1696","1.3777","0.3674"
"15560.0","1.9013","1.3647","0.5178"
"15580.0","2.3843","1.3610","0.7008"
"15600.0","0.6308","1.3232","0.6939"
"15620.0","0.3081","1.2800","0.6561"
"15640.0","1.0044","1.2527","0.6902"
"15660.0","1.2468","1.2344","0.7448"
"15680.0","0.7833","1.2060","0.7486"
"15700.0","1.0830","1.1835","0.7814"
"15720.0","1.8232","1.1754","0.8835"
"15740.0","1.8147","1.1660","0.9748"
"15760.0","1.8037","1.1543","1.0561"
"15780.0","2.1113","1.1477","1.1595"
"15800.0","2.5115","1.1475","1.2921"
"15820.0","2.7036","1.1494","1.4305"
"15840.0","2.8888","1.1561","1.5734"
"15860.0","3.0481","1.1673","1.7180"
"15880.0","3.4145","1.1850","1.8843"
"15900.0","3.8694","1.2060","2.0789"
"15920.0","3.9405","1.2280","2.2614"
"15940.0","4.3434","1.2585","2.4656"
"15960.0","4.4393","1.2969","2.6591"
"15980.0","4.9125","1.3572","2.8800"
"16000.0","5.1351","1.4298","3.1011"
"16020.0","5.0803","1.5028","3.2951"
"16040.0","5.2711","1.5809","3.4888"
"16060.0","5.1470","1.6650","3.6514"
"16080.0","5.2440","1.7511","3.8075"
"16100.0","5.1128","1.8390","3.9355"
"16120.0","5.2021","1.9218","4.0597"
"16140.0","5.2720","2.0084","4.1785"
"16160.0","5.2602","2.1020","4.2846"
"16180.0","5.2083","2.1943","4.3751"
"16200.0","5.2335","2.2866","4.4593"
"16220.0","5.2903","2.3757","4.5408"
"16240.0","5.3340","2.4696","4.6185"
"16260.0","5.0209","2.5622","4.6580"
"16280.0","4.9363","2.6531","4.6853"
"16300.0","5.0677","2.7443","4.7228"
"16320.0","4.9196","2.8349","4.7421"
"16340.0","4.7974","2.9227","4.7475"
"16360.0","4.6868","3.0123","4.7415"
"16380.0","4.4341","3.0997","4.7114"
"16400.0","4.6484","3.1873","4.7052"
"16420.0","4.6007","3.2762","4.6950"
"16440.0","4.3854","3.3616","4.6646"
"16460.0","4.0764","3.4439","4.6070"
"16480.0","3.8289","3.5215","4.5307"
"16500.0","3.8137","3.6002","4.4604"
"16520.0","3.8564","3.6800","4.4012"
"16540.0","3.6112","3.7488","4.3237"
"16560.0","3.2765","3.7763","4.2211"
"16580.0","2.7776","3.7842","4.0795"
"16600.0","2.7827","3.8272","3.9524"
"16620.0","2.8374","3.8778","3.8431"
"16640.0","2.6442","3.9106","3.7256"
"16660.0","2.2371","3.9304","3.5796"
"16680.0","2.1391","3.9575","3.4384"
"16700.0","2.1601","3.9791","3.3131"
"16720.0","2.3188","3.9890","3.2156"
"16740.0","2.3189","3.9991","3.1277"
"16760.0","2.2120","4.0072","3.0379"
"16780.0","2.3646","4.0123","2.9719"
"16800.0","2.4885","4.0118","2.9245"
"16820.0","2.6615","4.0110","2.8987"
"16840.0","2.6694","4.0066","2.8762"
"16860.0","2.5252","3.9962","2.8418"
"16880.0","2.6483","3.9808","2.8228"
"16900.0","2.6534","3.9565","2.8062"
"16920.0","2.8594","3.9349","2.8114"
"16940.0","2.8574","3.9052","2.8160"
"16960.0","2.5813","3.8680","2.7929"
"16980.0","2.6963","3.8237","2.7835"
"17000.0","2.6421","3.7738","2.7696"
"17020.0","2.2105","3.7164","2.7148"
"17040.0","1.5308","3.6416","2.5987"
"17060.0","1.2888","3.5645","2.4703"
"17080.0","1.3380","3.4863","2.3593"
"17100.0","1.3004","3.4101","2.2555"
"17120.0","1.1066","3.3282","2.1428"
"17140.0","1.1160","3.2451","2.0422"
"17160.0","0.8034","3.1559","1.9207"
"17180.0","0.6983","3.0657","1.8009"
"17200.0","0.7661","2.9764","1.6994"
"17220.0","0.7414","2.8854","1.6055"
"17240.0","0.5574","2.7899","1.5027"
"17260.0","0.5246","2.6999","1.4069"
"17280.0","0.4397","2.6100","1.3120"
"17300.0","0.5934","2.5205","1.2416"
"17320.0","0.7973","2.4381","1.1980"
"17340.0","0.5223","2.3526","1.1318"
"17360.0","0.3597","2.2660","1.0561"
"17380.0","0.3041","2.1834","0.9824"
"17400.0","0.3251","2.0970","0.9179"
"17420.0","0.3215","2.0114","0.8595"
"17440.0","0.1606","1.9269","0.7909"
"17460.0","-0.0566","1.8442","0.7078"
"17480.0","-0.0563","1.7665","0.6329"
"17500.0","-0.0865","1.6885","0.5624"
"17520.0","-0.0206","1.6110","0.5052"
"17540.0","-0.2435","1.5339","0.4318"
"17560.0","-0.2572","1.4632","0.3643"
"17580.0","0.2304","1.4123","0.3512"
"17600.0","2.4605","1.4058","0.5580"
"17620.0","2.6382","1.4018","0.7619"
"17640.0","0.7134","1.3632","0.7571"
"17660.0","0.1756","1.3220","0.7001"
"17680.0","0.9712","1.2986","0.7267"
"17700.0","1.3371","1.2822","0.7865"
"17720.0","0.9253","1.2543","0.8001"
"17740.0","1.0608","1.2291","0.8257"
"17760.0","1.4772","1.2144","0.8896"
"17780.0","1.5450","1.1981","0.9538"
"17800.0","1.9754","1.1878","1.0540"
"17820.0","2.0014","1.1746","1.1469"
"17840.0","2.4016","1.1692","1.2699"
"17860.0","2.5441","1.1696","1.3948"
"17880.0","2.6178","1.1690","1.5147"
"17900.0","3.2822","1.1816","1.6880"
"17920.0","3.6960","1.1983","1.8849"
"17940.0","3.8882","1.2189","2.0813"
"17960.0","3.9743","1.2468","2.2669"
"17980.0","4.2745","1.2784","2.4637"
"18000.0","4.6650","1.3188","2.6795"
"18020.0","5.1737","1.3781","2.9240"
"18040.0","5.0643","1.4487","3.1339"
"18060.0","4.9959","1.5229","3.3164"
"18080.0","5.1241","1.5986","3.4936"
"18100.0","5.2875","1.6784","3.6695"
"18120.0","5.2731","1.7617","3.8267"
"18140.0","5.1434","1.8422","3.9558"
"18160.0","5.0208","1.9266","4.0602"
"18180.0","5.1516","2.0156","4.1672"
"18200.0","5.5212","2.1107","4.3000"
"18220.0","5.4564","2.2050","4.4133"
"18240.0","5.2962","2.2998","4.4999"
"18260.0","5.1525","2.3924","4.5639"
"18280.0","5.0362","2.4843","4.6102"
"18300.0","4.9648","2.5717","4.6449"
"18320.0","5.0359","2.6565","4.6833"
"18340.0","5.0855","2.7478","4.7227"
"18360.0","4.7060","2.8347","4.7211"
"18380.0","4.9413","2.9274","4.7427"
"18400.0","4.7430","3.0158","4.7427"
"18420.0","4.5315","3.1000","4.7220"
"18440.0","4.5898","3.1886","4.7090"
"18460.0","4.2745","3.2752","4.6664"
"18480.0","4.0669","3.3577","4.6077"
"18500.0","3.8444","3.4363","4.5328"
"18520.0","3.8370","3.5134","4.4646"
"18540.0","3.7260","3.5928","4.3922"
"18560.0","3.3162","3.6643","4.2867"
"18580.0","3.1294","3.7223","4.1733"
"18600.0","3.0346","3.7338","4.0616"
"18620.0","2.9876","3.7408","3.9563"
"18640.0","2.6814","3.7801","3.8313"
"18660.0","2.3608","3.8238","3.6872"
"18680.0","2.2828","3.8500","3.5495"
"18700.0","2.5226","3.8738","3.4488"
"18720.0","2.4651","3.9046","3.3524"
"18740.0","2.1811","3.9270","3.2375"
"18760.0","2.1043","3.9395","3.1264"
"18780.0","2.3522","3.9556","3.0505"
"18800.0","2.2920","3.9620","2.9762"
"18820.0","2.6770","3.9755","2.9468"
"18840.0","2.6030","3.9795","2.9131"
"18860.0","2.4253","3.9771","2.8653"
"18880.0","2.4434","3.9737","2.8239"
"18900.0","1.2355","3.9327","2.6682"
"18920.0","-0.2092","3.8546","2.3861"
"18940.0","0.9572","3.7960","2.2460"
"18960.0","1.9533","3.7556","2.2173"
"18980.0","1.7577","3.7052","2.1723"
"19000.0","1.7138","3.6462","2.1273"
"19020.0","2.3452","3.5896","2.1487"
"19040.0","2.5820","3.5400","2.1912"
"19060.0","2.1446","3.4830","2.1866"
"19080.0","1.7377","3.4152","2.1426"
"19100.0","1.8166","3.3458","2.1106"
"19120.0","1.4594","3.2696","2.0468"
"19140.0","0.9720","3.1861","1.9414"
"19160.0","0.7368","3.1004","1.8233"
"19180.0","0.5600","3.0086","1.6995"
"19200.0","0.5809","2.9098","1.5898"
"19220.0","0.6171","2.8130","1.4944"
"19240.0","0.5955","2.7190","1.4063"
"19260.0","0.5174","2.6263","1.3191"
"19280.0","0.5477","2.5365","1.2435"
"19300.0","0.6436","2.4501","1.1847"
"19320.0","0.7269","2.3639","1.1398"
"19340.0","0.5409","2.2730","1.0811"
"19360.0","0.2977","2.1849","1.0043"
"19380.0","0.3231","2.0925","0.9375"
"19400.0","0.2248","2.0021","0.8676"
"19420.0","0.2794","1.9171","0.8100"
"19440.0","0.1884","1.8291","0.7490"
"19460.0","0.0066","1.7437","0.6762"
"19480.0","0.0385","1.6632","0.6137"
"19500.0","0.0453","1.5872","0.5580"
"19520.0","0.0905","1.5122","0.5122"
"19540.0","0.0776","1.4393","0.4695"
"19560.0","-0.2704","1.3675","0.3970"
"19580.0","-0.3633","1.2977","0.3225"
"19600.0","-0.2446","1.2321","0.2669"
"19620.0","0.3203","1.1787","0.2721"
"19640.0","2.6003","1.1771","0.5004"
"19660.0","2.3517","1.1769","0.6819"
"19680.0","0.3826","1.1389","0.6525"
"19700.0","0.3910","1.0963","0.6269"
"19720.0","1.4943","1.0769","0.7119"
"19740.0","1.2418","1.0581","0.7639"
"19760.0","0.8016","1.0321","0.7676"
"19780.0","1.0345","1.0057","0.7937"
"19800.0","1.6766","0.9934","0.8803"
"19820.0","1.6595","0.9730","0.9567"
"19840.0","1.8473","0.9579","1.0440"
"19860.0","1.8763","0.9469","1.1256"
"19880.0","2.1076","0.9402","1.2219"
"19900.0","2.4578","0.9647","1.3430"
"19920.0","2.8080","1.0250","1.4867"
"19940.0","2.9891","1.0657","1.6340"
"19960.0","3.0020","1.0866","1.7681"
"19980.0","3.3852","1.1192","1.9266"
"20000.0","3.8522","1.1619","2.1154"
"20020.0","4.3538","1.2021","2.3349"
"20040.0","4.6033","1.2425","2.5573"
"20060.0","4.4758","1.2892","2.7454"
"20080.0","4.9951","1.3543","2.9659"
"20100.0","5.1484","1.4210","3.1799"
"20120.0","5.3864","1.4995","3.3962"
"20140.0","5.2259","1.5846","3.5756"
"20160.0","5.0771","1.6714","3.7228"
"20180.0","5.1113","1.7624","3.8589"
"20200.0","5.3815","1.8584","4.0082"
"20220.0","5.3720","1.9535","4.1419"
"20240.0","5.3571","2.0487","4.2610"
"20260.0","5.0079","2.1386","4.3343"
"20280.0","5.0698","2.2290","4.4064"
"20300.0","5.2857","2.3218","4.4926"
"20320.0","5.3174","2.4137","4.5734"
"20340.0","5.2689","2.5082","4.6416"
"20360.0","5.1074","2.6044","4.6873"
"20380.0","5.0842","2.6996","4.7262"
"20400.0","4.9878","2.7949","4.7519"
"20420.0","5.1139","2.8916","4.7873"
"20440.0","4.7315","2.9824","4.7819"
"20460.0","4.6842","3.0760","4.7723"
"20480.0","4.7052","3.1693","4.7657"
"20500.0","4.4261","3.2569","4.7324"
"20520.0","4.2689","3.3405","4.6870"
"20540.0","4.0946","3.4209","4.6289"
"20560.0","3.8897","3.5041","4.5564"
"20580.0","3.6934","3.5852","4.4718"
"20600.0","3.4223","3.6585","4.3689"
"20620.0","3.3231","3.7186","4.2664"
"20640.0","3.1132","3.7288","4.1533"
"20660.0","2.8991","3.7398","4.0304"
"20680.0","2.5034","3.7822","3.8807"
"20700.0","2.4189","3.8228","3.7374"
"20720.0","2.3125","3.8391","3.5977"
"20740.0","2.3255","3.8608","3.4729"
"20760.0","2.1793","3.8884","3.3461"
"20780.0","2.1162","3.9100","3.2255"
"20800.0","2.1075","3.9186","3.1159"
"20820.0","2.2561","3.9305","3.0316"
"20840.0","2.4257","3.9421","2.9722"
"20860.0","2.2544","3.9497","2.9018"
"20880.0","2.2191","3.9519","2.8349"
"20900.0","2.4987","3.9527","2.8020"
"20920.0","2.7315","3.9512","2.7950"
"20940.0","2.6289","3.9440","2.7788"
"20960.0","2.5350","3.9346","2.7549"
"20980.0","2.4924","3.9168","2.7291"
"21000.0","2.7586","3.8949","2.7320"
"21020.0","2.9182","3.8662","2.7503"
"21040.0","2.9080","3.8323","2.7657"
"21060.0","2.3714","3.7902","2.7271"
"21080.0","2.6205","3.7427","2.7166"
"21100.0","2.7919","3.6956","2.7240"
"21120.0","2.8596","3.6451","2.7373"
"21140.0","2.7072","3.5947","2.7343"
"21160.0","2.7252","3.5476","2.7334"
"21180.0","2.6805","3.4990","2.7283"
"21200.0","2.9299","3.4500","2.7480"
"21220.0","2.2967","3.3885","2.7038"
"21240.0","1.3576","3.3085","2.5718"
"21260.0","1.3015","3.2344","2.4473"
"21280.0","1.2347","3.1577","2.3284"
"21300.0","1.2192","3.0763","2.2196"
"21320.0","1.0660","2.9913","2.1065"
"21340.0","0.8667","2.9033","1.9850"
"21360.0","0.9221","2.8195","1.8808"
"21380.0","0.6912","2.7317","1.7641"
"21400.0","0.7200","2.6463","1.6618"
"21420.0","0.6815","2.5577","1.5657"
"21440.0","0.5085","2.4732","1.4620"
"21460.0","0.5556","2.3907","1.3732"
"21480.0","0.6933","2.3104","1.3065"
"21500.0","0.6588","2.2351","1.2430"
"21520.0","0.4627","2.1590","1.1665"
"21540.0","0.3742","2.0845","1.0888"
"21560.0","0.3181","2.0131","1.0133"
"21580.0","0.2660","1.9446","0.9400"
"21600.0","0.4718","1.8856","0.8941"
"21620.0","0.3166","1.8254","0.8375"
"21640.0","0.2424","1.7680","0.7791"
"21660.0","0.0026","1.7101","0.7030"
"21680.0","0.0466","1.6609","0.6387"
"21700.0","0.1119","1.6148","0.5870"
"21720.0","0.0752","1.5701","0.5368"
"21740.0","-0.0837","1.5219","0.4760"
"21760.0","-0.2775","1.4727","0.4021"
"21780.0","-0.0854","1.4287","0.3543"
"21800.0","1.4497","1.4155","0.4617"
"21820.0","3.0782","1.4320","0.7182"
"21840.0","1.4591","1.4127","0.7909"
"21860.0","0.1808","1.3712","0.7311"
"21880.0","0.7786","1.3424","0.7357"
"21900.0","1.4680","1.3218","0.8075"
"21920.0","1.2855","1.2928","0.8544"
"21940.0","0.9072","1.2584","0.8596"
"21960.0","1.4109","1.2359","0.9136"
"21980.0","1.8025","1.2221","1.0008"
"22000.0","1.9659","1.2063","1.0954"
"22020.0","2.0979","1.1899","1.1937"
"22040.0","2.2633","1.1770","1.2985"
"22060.0","2.4668","1.1789","1.4131"
"22080.0","2.7106","1.1807","1.5403"
"22100.0","3.1585","1.1880","1.6989"
"22120.0","3.6098","1.2030","1.8863"
"22140.0","3.7194","1.2233","2.0660"
"22160.0","3.6840","1.2424","2.2246"
"22180.0","4.0135","1.2691","2.4000"
"22200.0","4.6644","1.3038","2.6220"
"22220.0","4.7311","1.3525","2.8288"
"22240.0","4.6896","1.4191","3.0112"
"22260.0","4.8005","1.4891","3.1866"
"22280.0","5.2586","1.5696","3.3898"
"22300.0","5.5228","1.6556","3.5989"
"22320.0","5.3739","1.7418","3.7729"
"22340.0","4.8967","1.8224","3.8831"
"22360.0","5.0096","1.9042","3.9935"
"22380.0","5.3329","1.9970","4.1248"
"22400.0","5.4994","2.0926","4.2596"
"22420.0","5.4442","2.1878","4.3757"
"22440.0","4.9301","2.2763","4.4301"
"22460.0","5.0487","2.3661","4.4907"
"22480.0","5.2624","2.4575","4.5664"
"22500.0","5.3231","2.5508","4.6406"
"22520.0","5.2552","2.6466","4.7008"
"22540.0","4.9102","2.7374","4.7213"
"22560.0","4.9058","2.8291","4.7394"
"22580.0","5.1919","2.9276","4.7838"
"22600.0","4.9519","3.0172","4.8003"
"22620.0","4.7942","3.1068","4.7997"
"22640.0","4.5801","3.1935","4.7781"
"22660.0","4.5833","3.2852","4.7590"
"22680.0","4.3611","3.3714","4.7200"
"22700.0","4.1899","3.4530","4.6681"
"22720.0","4.0764","3.5330","4.6101"
"22740.0","3.7444","3.6096","4.5252"
"22760.0","3.4966","3.6851","4.4243"
"22780.0","3.4191","3.7552","4.3258"
"22800.0","3.3619","3.7934","4.2313"
"22820.0","3.0074","3.7920","4.1113"
"22840.0","2.6257","3.8153","3.9656"
"22860.0","2.5022","3.8617","3.8222"
"22880.0","2.3336","3.8928","3.6762"
"22900.0","2.3459","3.9104","3.5458"
"22920.0","2.2440","3.9296","3.4182"
"22940.0","2.0099","3.9516","3.2801"
"22960.0","2.1063","3.9655","3.1650"
"22980.0","2.2935","3.9754","3.0796"
"23000.0","2.4409","3.9849","3.0170"
"23020.0","2.3806","3.9905","2.9546"
"23040.0","2.2269","3.9898","2.8832"
"23060.0","2.1810","3.9841","2.8144"
"23080.0","2.5769","3.9814","2.7911"
"23100.0","2.7690","3.9736","2.7889"
"23120.0","2.6644","3.9547","2.7767"
"23140.0","2.4799","3.9299","2.7476"
"23160.0","2.6665","3.9096","2.7397"
"23180.0","2.8783","3.8869","2.7533"
"23200.0","2.8762","3.8511","2.7653"
"23220.0","2.9683","3.8158","2.7852"
"23240.0","2.5630","3.7733","2.7634"
"23260.0","2.0739","3.7188","2.6958"
"23280.0","1.5593","3.6448","2.5844"
"23300.0","1.4761","3.5638","2.4757"
"23320.0","1.5294","3.4870","2.3830"
"23340.0","1.1350","3.4117","2.2606"
"23360.0","1.0825","3.3332","2.1451"
"23380.0","1.0018","3.2466","2.0330"
"23400.0","1.1459","3.1595","1.9461"
"23420.0","0.8191","3.0670","1.8356"
"23440.0","0.5944","2.9803","1.7139"
"23460.0","0.7441","2.8942","1.6188"
"23480.0","0.6456","2.8018","1.5234"
"23500.0","0.6815","2.7090","1.4409"
"23520.0","0.5668","2.6153","1.3552"
"23540.0","0.4509","2.5261","1.2665"
"23560.0","0.3797","2.4355","1.1796"
"23580.0","0.3859","2.3394","1.1018"
"23600.0","0.5780","2.2519","1.0504"
"23620.0","0.4095","2.1643","0.9876"
"23640.0","0.1185","2.0750","0.9024"
"23660.0","0.3076","1.9895","0.8441"
"23680.0","0.2886","1.9081","0.7896"
"23700.0","0.2048","1.8284","0.7323"
"23720.0","0.1702","1.7502","0.6772"
"23740.0","-0.0406","1.6745","0.6068"
"23760.0","-0.1352","1.6019","0.5341"
"23780.0","-0.0613","1.5323","0.4757"
"23800.0","-0.1757","1.4615","0.4118"
"23820.0","-0.1156","1.3991","0.3601"
"23840.0","0.9850","1.3663","0.4214"
"23860.0","2.6902","1.3700","0.6438"
"23880.0","1.5735","1.3548","0.7350"
"23900.0","0.4020","1.3159","0.7023"
"23920.0","0.7263","1.2856","0.7047"
"23940.0","1.2339","1.2701","0.7566"
"23960.0","0.7943","1.2438","0.7603"
"23980.0","1.0069","1.2181","0.7844"
"24000.0","1.4825","1.1989","0.8529"
"24020.0","1.7040","1.1854","0.9363"
"24040.0","1.5450","1.1718","0.9960"
"24060.0","1.5849","1.1598","1.0537"
"24080.0","2.2304","1.1529","1.1691"
"24100.0","2.5241","1.1480","1.3019"
"24120.0","2.8386","1.1515","1.4526"
"24140.0","2.7940","1.1578","1.5841"
"24160.0","3.2214","1.1689","1.7446"
"24180.0","3.5624","1.1826","1.9228"
"24200.0","3.8639","1.2023","2.1131"
"24220.0","4.2923","1.2288","2.3268"
"24240.0","4.2310","1.2622","2.5135"
"24260.0","4.5278","1.3112","2.7110"
"24280.0","4.8698","1.3774","2.9226"
"24300.0","5.3274","1.4545","3.1584"
"24320.0","5.3892","1.5317","3.3771"
"24340.0","5.0328","1.6096","3.5394"
"24360.0","5.0600","1.6892","3.6885"
"24380.0","5.1358","1.7718","3.8304"
"24400.0","5.2346","1.8536","3.9680"
"24420.0","5.1973","1.9412","4.0885"
"24440.0","4.9337","2.0280","4.1714"
"24460.0","4.9595","2.1123","4.2487"
"24480.0","5.3439","2.2062","4.3560"
"24500.0","5.2712","2.2980","4.4458"
"24520.0","5.2177","2.3911","4.5215"
"24540.0","4.7308","2.4767","4.5420"
"24560.0","5.1401","2.5719","4.6006"
"24580.0","5.1549","2.6672","4.6550"
"24600.0","4.9992","2.7557","4.6887"
"24620.0","4.8461","2.8444","4.7041"
"24640.0","4.5872","2.9338","4.6927"
"24660.0","4.5948","3.0195","4.6831"
"24680.0","4.5530","3.1048","4.6703"
"24700.0","4.5547","3.1918","4.6590"
"24720.0","4.3264","3.2749","4.6264"
"24740.0","3.9531","3.3548","4.5604"
"24760.0","3.7838","3.4332","4.4842"
"24780.0","3.9188","3.5128","4.4288"
"24800.0","3.7161","3.5906","4.3589"
"24820.0","3.4816","3.6626","4.2729"
"24840.0","3.0497","3.7039","4.1530"
"24860.0","2.9658","3.7094","4.0366"
"24880.0","2.8766","3.7354","3.9229"
"24900.0","2.6613","3.7806","3.7992"
"24920.0","2.4711","3.8155","3.6690"
"24940.0","2.2244","3.8353","3.5274"
"24960.0","2.2456","3.8643","3.4017"
"24980.0","2.3476","3.8912","3.2984"
"25000.0","2.1924","3.9054","3.1899"
"25020.0","2.1643","3.9146","3.0894"
"25040.0","2.0835","3.9253","2.9908"
"25060.0","2.1150","3.9359","2.9049"
"25080.0","2.4551","3.9404","2.8608"
"25100.0","2.5511","3.9410","2.8304"
"25120.0","2.3716","3.9316","2.7855"
"25140.0","2.4468","3.9247","2.7522"
"25160.0","2.3562","3.9074","2.7134"
"25180.0","2.6524","3.8892","2.7074"
"25200.0","2.7784","3.8675","2.7144"
"25220.0","2.8409","3.8384","2.7268"
"25240.0","2.7571","3.8090","2.7298"
"25260.0","2.7242","3.7729","2.7292"
"25280.0","2.6386","3.7283","2.7203"
"25300.0","2.4221","3.6702","2.6911"
"25320.0","1.6769","3.5959","2.5917"
"25340.0","1.1914","3.5191","2.4544"
"25360.0","1.2589","3.4431","2.3372"
"25380.0","1.2862","3.3661","2.2342"
"25400.0","1.0897","3.2832","2.1220"
"25420.0","0.9343","3.1979","2.0055"
"25440.0","0.8074","3.1154","1.8881"
"25460.0","0.7705","3.0316","1.7785"
"25480.0","0.8436","2.9416","1.6868"
"25500.0","0.7429","2.8510","1.5943"
"25520.0","0.5478","2.7576","1.4917"
"25540.0","0.5048","2.6731","1.3949"
"25560.0","0.4365","2.5791","1.3010"
"25580.0","0.5218","2.4864","1.2246"
"25600.0","0.5910","2.3982","1.1625"
"25620.0","0.3953","2.3092","1.0873"
"25640.0","0.3258","2.2240","1.0126"
"25660.0","0.3703","2.1395","0.9496"
"25680.0","0.3801","2.0560","0.8938"
"25700.0","0.2583","1.9701","0.8315"
"25720.0","0.0910","1.8854","0.7589"
"25740.0","0.0776","1.8079","0.6921"
"25760.0","0.0500","1.7332","0.6291"
"25780.0","0.0406","1.6556","0.5714"
"25800.0","-0.1378","1.5786","0.5019"
"25820.0","-0.1371","1.5062","0.4393"
"25840.0","-0.3530","1.4381","0.3616"
"25860.0","-0.2621","1.3736","0.3005"
"25880.0","1.3780","1.3436","0.4061"
"25900.0","2.9567","1.3495","0.6562"
"25920.0","1.3800","1.3277","0.7271"
"25940.0","-0.0143","1.2829","0.6544"
"25960.0","0.6585","1.2512","0.6548"
"25980.0","1.3348","1.2309","0.7215"
"26000.0","1.0877","1.2088","0.7574"
"26020.0","1.0304","1.1862","0.7842"
"26040.0","1.2631","1.1697","0.8311"
"26060.0","1.6853","1.1612","0.9149"
"26080.0","1.7362","1.1468","0.9954"
"26100.0","1.8724","1.1332","1.0814"
"26120.0","2.2908","1.1316","1.1999"
"26140.0","2.3299","1.1292","1.3107"
"26160.0","2.5911","1.1339","1.4362"
"26180.0","3.0649","1.1422","1.5959"
"26200.0","3.4672","1.1560","1.7794"
"26220.0","3.5702","1.1706","1.9550"
"26240.0","3.7061","1.1895","2.1266"
"26260.0","4.1219","1.2175","2.3222"
"26280.0","4.5260","1.2552","2.5383"
"26300.0","4.8243","1.3033","2.7624"
"26320.0","5.0237","1.3702","2.9841"
"26340.0","5.0255","1.4469","3.1843"
"26360.0","4.9881","1.5215","3.3611"
"26380.0","5.0865","1.5975","3.5303"
"26400.0","5.1987","1.6797","3.6938"
"26420.0","5.1152","1.7633","3.8332"
"26440.0","5.0996","1.8491","3.9573"
"26460.0","4.9978","1.9337","4.0593"
"26480.0","5.3008","2.0228","4.1811"
"26500.0","5.2992","2.1139","4.2907"
"26520.0","5.2907","2.2088","4.3887"
"26540.0","5.0071","2.2989","4.4494"
"26560.0","4.9446","2.3890","4.4979"
"26580.0","5.1904","2.4824","4.5658"
"26600.0","5.1450","2.5735","4.6226"
"26620.0","5.1139","2.6678","4.6707"
"26640.0","4.8582","2.7585","4.6891"
"26660.0","4.6138","2.8434","4.6817"
"26680.0","4.4980","2.9257","4.6637"
"26700.0","4.6094","3.0127","4.6584"
"26720.0","4.5714","3.1023","4.6499"
"26740.0","4.3409","3.1876","4.6196"
"26760.0","4.1171","3.2690","4.5703"
"26780.0","4.2146","3.3524","4.5354"
"26800.0","3.9122","3.4334","4.4743"
"26820.0","3.7228","3.5106","4.4007"
"26840.0","3.4919","3.5875","4.3116"
"26860.0","3.3637","3.6600","4.2186"
"26880.0","3.1790","3.6961","4.1167"
"26900.0","3.1702","3.7003","4.0239"
"26920.0","2.8307","3.7293","3.9069"
"26940.0","2.5789","3.7812","3.7767"
"26960.0","2.3723","3.8155","3.6390"
"26980.0","2.4493","3.8378","3.5224"
"27000.0","2.3176","3.8624","3.4043"
"27020.0","2.1983","3.8857","3.2860"
"27040.0","2.0760","3.9020","3.1674"
"27060.0","2.1822","3.9119","3.0708"
"27080.0","2.4001","3.9252","3.0051"
"27100.0","2.2603","3.9330","2.9321"
"27120.0","2.3740","3.9346","2.8774"
"27140.0","2.4053","3.9361","2.8311"
"27160.0","2.4484","3.9333","2.7935"
"27180.0","2.7051","3.9261","2.7849"
"27200.0","2.8134","3.9130","2.7877"
"27220.0","2.5937","3.8935","2.7687"
"27240.0","2.5080","3.8695","2.7431"
"27260.0","2.7509","3.8421","2.7439"
"27280.0","2.8107","3.8078","2.7504"
"27300.0","2.7221","3.7657","2.7476"
"27320.0","2.6519","3.7183","2.7383"
"27340.0","2.0684","3.6592","2.6726"
"27360.0","1.5142","3.5897","2.5590"
"27380.0","1.4397","3.5168","2.4493"
"27400.0","1.3089","3.4390","2.3375"
"27420.0","1.2522","3.3617","2.2311"
"27440.0","0.9900","3.2795","2.1094"
"27460.0","0.8632","3.1968","1.9872"
"27480.0","0.9517","3.1098","1.8857"
"27500.0","0.8048","3.0199","1.7797"
"27520.0","0.6322","2.9268","1.6672"
"27540.0","0.4539","2.8357","1.5483"
"27560.0","0.5887","2.7486","1.4542"
"27580.0","0.5626","2.6560","1.3668"
"27600.0","0.4926","2.5630","1.2811"
"27620.0","0.4698","2.4701","1.2016"
"27640.0","0.3317","2.3796","1.1163"
"27660.0","0.3323","2.2939","1.0394"
"27680.0","0.4136","2.2123","0.9780"
"27700.0","0.4262","2.1286","0.9239"
"27720.0","0.1200","2.0396","0.8451"
"27740.0","0.1907","1.9566","0.7810"
"27760.0","0.0869","1.8760","0.7129"
"27780.0","0.0297","1.7923","0.6459"
"27800.0","0.0489","1.7150","0.5874"
"27820.0","-0.0020","1.6405","0.5296"
"27840.0","-0.2456","1.5657","0.4536"
"27860.0","-0.3108","1.4923","0.3787"
"27880.0","-0.1359","1.4260","0.3282"
"27900.0","0.0452","1.3635","0.3005"
"27920.0","1.8034","1.3429","0.4478"
"27940.0","2.7721","1.3468","0.6757"
"27960.0","1.0507","1.3203","0.7125"
"27980.0","0.1292","1.2739","0.6553"
"28000.0","0.7880","1.2434","0.6683"
"28020.0","1.2100","1.2236","0.7214"
"28040.0","0.7296","1.1967","0.7222"
"28060.0","0.7725","1.1685","0.7271"
"28080.0","1.4283","1.1490","0.7959"
"28100.0","1.6416","1.1367","0.8788"
"28120.0","1.5747","1.1207","0.9470"
"28140.0","1.7891","1.1083","1.0296"
"28160.0","2.1724","1.1028","1.1416"
"28180.0","2.5468","1.0997","1.2794"
"28200.0","2.7384","1.0982","1.4224"
"28220.0","2.8153","1.1026","1.5590"
"28240.0","3.2331","1.1171","1.7231"
"28260.0","3.5415","1.1329","1.9014"
"28280.0","3.9756","1.1562","2.1047"
"28300.0","4.1557","1.1849","2.3058"
"28320.0","4.3625","1.2191","2.5075"
"28340.0","4.6397","1.2705","2.7165"
"28360.0","4.8633","1.3375","2.9270"
"28380.0","5.1440","1.4116","3.1443"
"28400.0","5.3291","1.4920","3.3585"
"28420.0","5.1391","1.5697","3.5331"
"28440.0","4.9883","1.6497","3.6758"
"28460.0","4.9218","1.7309","3.7979"
"28480.0","5.1947","1.8157","3.9349"
"28500.0","5.3084","1.9058","4.0695"
"28520.0","5.0309","1.9938","4.1638"
"28540.0","5.1135","2.0870","4.2569"
"28560.0","5.2489","2.1802","4.3541"
"28580.0","5.2969","2.2748","4.4466"
"28600.0","5.0263","2.3655","4.5034"
"28620.0","5.0631","2.4574","4.5583"
"28640.0","4.9586","2.5499","4.5975"
"28660.0","4.9129","2.6415","4.6284"
"28680.0","4.9090","2.7314","4.6559"
"28700.0","4.8998","2.8209","4.6798"
"28720.0","4.7578","2.9137","4.6875"
"28740.0","4.6877","3.0036","4.6875"
"28760.0","4.6132","3.0941","4.6802"
"28780.0","4.6230","3.1860","4.6746"
"28800.0","4.3525","3.2721","4.6430"
"28820.0","3.9942","3.3520","4.5794"
"28840.0","3.7701","3.4323","4.5001"
"28860.0","3.6874","3.5123","4.4204"
"28880.0","3.4197","3.5834","4.3223"
"28900.0","3.4377","3.6512","4.2356"
"28920.0","3.1193","3.6776","4.1261"
"28940.0","2.9215","3.6805","4.0080"
"28960.0","2.6198","3.7119","3.8719"
"28980.0","2.6367","3.7621","3.7508"
"29000.0","2.4236","3.7948","3.6207"
"29020.0","2.2641","3.8159","3.4877"
"29040.0","2.0715","3.8427","3.3489"
"29060.0","2.1784","3.8708","3.2341"
"29080.0","2.4163","3.8906","3.1539"
"29100.0","2.2547","3.9029","3.0658"
"29120.0","2.2432","3.9162","2.9851"
"29140.0","2.1272","3.9230","2.9010"
"29160.0","2.3483","3.9265","2.8468"
"29180.0","2.4912","3.9254","2.8120"
"29200.0","2.6647","3.9239","2.7975"
"29220.0","2.3865","3.9153","2.7572"
"29240.0","2.5305","3.9013","2.7350"
"29260.0","2.7112","3.8847","2.7327"
"29280.0","2.8920","3.8630","2.7483"
"29300.0","2.8065","3.8360","2.7540"
"29320.0","2.6244","3.8013","2.7413"
"29340.0","2.4977","3.7584","2.7174"
"29360.0","2.5840","3.7128","2.7043"
"29380.0","2.4476","3.6589","2.6792"
"29400.0","1.7534","3.5874","2.5884"
"29420.0","1.1829","3.5083","2.4506"
"29440.0","1.1207","3.4309","2.3202"
"29460.0","1.0543","3.3536","2.1961"
"29480.0","1.0081","3.2698","2.0796"
"29500.0","0.8869","3.1814","1.9627"
"29520.0","0.6939","3.0947","1.8383"
"29540.0","0.7385","3.0072","1.7305"
"29560.0","0.7132","2.9165","1.6308"
"29580.0","0.7951","2.8264","1.5488"
"29600.0","0.6651","2.7392","1.4622"
"29620.0","0.4574","2.6471","1.3637"
"29640.0","0.3384","2.5547","1.2632"
"29660.0","0.3788","2.4640","1.1765"
"29680.0","0.5293","2.3764","1.1130"
"29700.0","0.3671","2.2857","1.0399"
"29720.0","0.2391","2.1954","0.9614"
"29740.0","0.1633","2.1049","0.8831"
"29760.0","0.1023","2.0147","0.8066"
"29780.0","0.2796","1.9278","0.7549"
"29800.0","0.2001","1.8448","0.7005"
"29820.0","-0.0200","1.7645","0.6299"
"29840.0","-0.1777","1.6855","0.5507"
"29860.0","-0.0893","1.6100","0.4880"
"29880.0","0.0402","1.5424","0.4441"
"29900.0","-0.1546","1.4705","0.3854"
"29920.0","-0.3667","1.4008","0.3116"
"29940.0","-0.2579","1.3372","0.2558"
"29960.0","1.8674","1.3222","0.4138"
"29980.0","3.2315","1.3341","0.6901"
"30000.0","1.2545","1.3107","0.7454"
"30020.0","0.0854","1.2671","0.6807"
"30040.0","0.6721","1.2391","0.6798"
"30060.0","1.2037","1.2196","0.7312"
"30080.0","1.1050","1.1934","0.7679"
"30100.0","0.9879","1.1681","0.7894"
"30120.0","1.2576","1.1484","0.8353"
"30140.0","1.6198","1.1382","0.9122"
"30160.0","1.6317","1.1239","0.9828"
"30180.0","1.7648","1.1094","1.0594"
"30200.0","2.3154","1.1024","1.1826"
"30220.0","2.5426","1.1055","1.3159"
"30240.0","2.7834","1.1106","1.4598"
"30260.0","2.8010","1.1124","1.5913"
"30280.0","3.4375","1.1233","1.7723"
"30300.0","3.5570","1.1383","1.9472"
"30320.0","3.7468","1.1607","2.1237"
"30340.0","3.8536","1.1878","2.2933"
"30360.0","4.1181","1.2185","2.4722"
"30380.0","4.7062","1.2637","2.6912"
"30400.0","5.0666","1.3300","2.9241"
"30420.0","5.0467","1.4072","3.1322"
"30440.0","4.8274","1.4814","3.2984"
"30460.0","5.1880","1.5640","3.4836"
"30480.0","5.2327","1.6485","3.6551"
"30500.0","5.0056","1.7309","3.7875"
"30520.0","5.1044","1.8191","3.9166"
"30540.0","4.9843","1.9040","4.0213"
"30560.0","4.9316","1.9884","4.1105"
"30580.0","5.3267","2.0790","4.2298"
"30600.0","5.3527","2.1728","4.3399"
"30620.0","4.9999","2.2636","4.4046"
"30640.0","4.7529","2.3519","4.4387"
"30660.0","5.0962","2.4463","4.5032"
"30680.0","5.3058","2.5418","4.5819"
"30700.0","5.2263","2.6390","4.6451"
"30720.0","4.7937","2.7301","4.6596"
"30740.0","4.7246","2.8213","4.6660"
"30760.0","4.6766","2.9128","4.6670"
"30780.0","4.8779","3.0048","4.6877"
"30800.0","4.6984","3.0947","4.6888"
"30820.0","4.4075","3.1833","4.6612"
"30840.0","4.0396","3.2676","4.6002"
"30860.0","4.1963","3.3533","4.5606"
"30880.0","3.9844","3.4322","4.5041"
"30900.0","3.8235","3.5118","4.4374"
"30920.0","3.5672","3.5905","4.3521"
"30940.0","3.2640","3.6609","4.2454"
"30960.0","3.0879","3.6853","4.1319"
"30980.0","3.1204","3.6831","4.0328"
"31000.0","2.8405","3.7148","3.9159"
"31020.0","2.4360","3.7618","3.7708"
"31040.0","2.2697","3.7938","3.6236"
"31060.0","2.3232","3.8162","3.4961"
"31080.0","2.2366","3.8388","3.3727"
"31100.0","2.1590","3.8622","3.2537"
"31120.0","1.9670","3.8764","3.1275"
"31140.0","2.1882","3.8878","3.0354"
"31160.0","2.2161","3.8995","2.9551"
"31180.0","2.4231","3.9126","2.9030"
"31200.0","2.2808","3.9119","2.8420"
"31220.0","2.3815","3.9087","2.7968"
"31240.0","2.4660","3.9024","2.7644"
"31260.0","2.5211","3.8968","2.7405"
"31280.0","2.8546","3.8851","2.7517"
"31300.0","2.7812","3.8696","2.7546"
"31320.0","2.7310","3.8493","2.7523"
"31340.0","2.6729","3.8257","2.7445"
"31360.0","2.8141","3.7996","2.7513"
"31380.0","2.9716","3.7649","2.7729"
"31400.0","2.8153","3.7199","2.7771"
"31420.0","2.3481","3.6659","2.7350"
"31440.0","1.6451","3.6022","2.6282"
"31460.0","1.3770","3.5260","2.5055"
"31480.0","1.3980","3.4493","2.3969"
"31500.0","1.2191","3.3736","2.2814"
"31520.0","1.0380","3.2923","2.1595"
"31540.0","0.8964","3.2105","2.0357"
"31560.0","0.7354","3.1266","1.9082"
"31580.0","0.9548","3.0391","1.8147"
"31600.0","0.8826","2.9497","1.7234"
"31620.0","0.6586","2.8629","1.6190"
"31640.0","0.4237","2.7763","1.5018"
"31660.0","0.5429","2.6853","1.4078"
"31680.0","0.5264","2.5897","1.3214"
"31700.0","0.5113","2.4954","1.2419"
"31720.0","0.2952","2.4054","1.1491"
"31740.0","0.2786","2.3165","1.0638"
"31760.0","0.2228","2.2274","0.9813"
"31780.0","0.3300","2.1365","0.9175"
"31800.0","0.2294","2.0471","0.8500"
"31820.0","0.0896","1.9607","0.7755"
"31840.0","0.0529","1.8810","0.7046"
"31860.0","0.1291","1.7996","0.6482"
"31880.0","0.1578","1.7231","0.6001"
"31900.0","-0.0317","1.6460","0.5382"
"31920.0","-0.0943","1.5728","0.4762"
"31940.0","-0.2592","1.5023","0.4041"
"31960.0","-0.2815","1.4349","0.3369"
"31980.0","-0.0535","1.3714","0.2986"
"32000.0","1.7173","1.3490","0.4377"
"32020.0","2.9935","1.3601","0.6883"
"32040.0","1.1991","1.3387","0.7383"
"32060.0","0.0860","1.2940","0.6744"
"32080.0","0.6868","1.2630","0.6756"
"32100.0","1.2424","1.2446","0.7312"
"32120.0","0.8245","1.2218","0.7403"
"32140.0","0.7535","1.1931","0.7416"
"32160.0","1.2369","1.1735","0.7902"
"32180.0","1.7874","1.1608","0.8879"
"32200.0","1.8908","1.1530","0.9863"
"32220.0","1.6911","1.1392","1.0554"
"32240.0","2.0106","1.1301","1.1490"
"32260.0","2.3131","1.1259","1.2631"
"32280.0","2.9401","1.1276","1.4275"
"32300.0","3.1177","1.1344","1.5932"
"32320.0","3.3176","1.1461","1.7623"
"32340.0","3.5368","1.1634","1.9363"
"32360.0","3.8772","1.1846","2.1266"
"32380.0","4.3466","1.2121","2.3442"
"32400.0","4.4611","1.2451","2.5517"
"32420.0","4.5205","1.2885","2.7448"
"32440.0","4.9188","1.3540","2.9579"
"32460.0","4.9571","1.4256","3.1539"
"32480.0","5.1478","1.5006","3.3494"
"32500.0","4.8982","1.5742","3.5012"
"32520.0","5.1063","1.6555","3.6586"
"32540.0","4.9676","1.7369","3.7869"
"32560.0","4.9579","1.8214","3.9017"
"32580.0","5.1993","1.9063","4.0289"
"32600.0","5.1586","1.9918","4.1397"
"32620.0","5.1288","2.0812","4.2367"
"32640.0","4.7767","2.1683","4.2896"
"32660.0","4.7230","2.2519","4.3321"
"32680.0","5.2884","2.3471","4.4259"
"32700.0","4.9846","2.4366","4.4806"
"32720.0","4.9894","2.5305","4.5305"
"32740.0","5.1187","2.6273","4.5882"
"32760.0","5.0572","2.7240","4.6342"
"32780.0","4.8265","2.8139","4.6530"
"32800.0","4.7259","2.9038","4.6602"
"32820.0","4.8152","2.9983","4.6754"
"32840.0","4.4592","3.0865","4.6542"
"32860.0","4.4530","3.1729","4.6345"
"32880.0","4.6074","3.2619","4.6318"
"32900.0","4.2133","3.3468","4.5908"
"32920.0","3.7916","3.4245","4.5124"
"32940.0","3.6615","3.5030","4.4290"
"32960.0","2.0247","3.5491","4.1933"
"32980.0","0.2518","3.5552","3.8069"
"33000.0","1.5079","3.5510","3.5815"
"33020.0","2.2033","3.5352","3.4464"
"33040.0","1.4703","3.5406","3.2526"
"33060.0","1.3923","3.5667","3.0702"
"33080.0","1.9885","3.5928","2.9642"
"33100.0","2.5547","3.6190","2.9240"
"33120.0","2.4442","3.6514","2.8770"
"33140.0","2.3142","3.6826","2.8218"
"33160.0","2.4219","3.7063","2.7826"
"33180.0","2.3649","3.7179","2.7417"
"33200.0","2.1123","3.7223","2.6800"
"33220.0","1.7813","3.7241","2.5919"
"33240.0","1.8860","3.7216","2.5227"
"33260.0","1.9857","3.7151","2.4700"
"33280.0","2.3040","3.7024","2.4537"
"33300.0","2.5793","3.6916","2.4660"
"33320.0","2.5384","3.6760","2.4731"
"33340.0","2.4532","3.6543","2.4712"
"33360.0","2.4707","3.6262","2.4711"
"33380.0","2.8693","3.5967","2.5102"
"33400.0","3.4647","3.5767","2.6038"
"33420.0","3.8536","3.5634","2.7263"
"33440.0","3.8877","3.5428","2.8401"
"33460.0","3.7977","3.5196","2.9340"
"33480.0","4.3981","3.5046","3.0776"
"33500.0","4.9448","3.5055","3.2606"
"33520.0","5.0584","3.5046","3.4369"
"33540.0","5.2440","3.5101","3.6140"
"33560.0","5.0018","3.5110","3.7501"
"33580.0","5.2739","3.5125","3.8995"
"33600.0","5.3310","3.5159","4.0398"
"33620.0","5.2895","3.5191","4.1624"
"33640.0","5.1998","3.5276","4.2641"
"33660.0","5.1751","3.5366","4.3534"
"33680.0","5.2820","3.5365","4.4444"
"33700.0","5.4533","3.5459","4.5433"
"33720.0","5.3038","3.5522","4.6179"
"33740.0","5.3387","3.5566","4.6886"
"33760.0","5.1524","3.5585","4.7340"
"33780.0","5.0677","3.5633","4.7667"
"33800.0","5.1945","3.5727","4.8087"
"33820.0","5.2979","3.5823","4.8566"
"33840.0","5.2364","3.5978","4.8939"
"33860.0","5.0116","3.6090","4.9054"
"33880.0","4.9215","3.6153","4.9070"
"33900.0","4.8443","3.6279","4.9009"
"33920.0","4.6079","3.6443","4.8721"
"33940.0","4.6233","3.6635","4.8477"
"33960.0","4.1999","3.7070","4.7842"
"33980.0","3.9772","3.7815","4.7051"
"34000.0","4.1157","3.8337","4.6473"
"34020.0","3.9188","3.8680","4.5759"
"34040.0","3.6637","3.9118","4.4865"
"34060.0","3.1716","3.9474","4.3576"
"34080.0","3.1391","3.9704","4.2381"
"34100.0","3.1657","3.9827","4.1330"
"34120.0","2.9260","3.9923","4.0146"
"34140.0","2.5323","3.9966","3.8693"
"34160.0","2.1811","3.9918","3.7038"
"34180.0","2.2459","3.9895","3.5609"
"34200.0","2.4602","3.9964","3.4530"
"34220.0","2.4562","4.0099","3.3552"
"34240.0","2.2548","4.0173","3.2474"
"34260.0","2.1354","4.0203","3.1383"
"34280.0","2.2478","4.0192","3.0510"
"34300.0","2.4088","4.0157","2.9881"
"34320.0","2.5586","4.0161","2.9460"
"34340.0","2.4862","4.0168","2.9009"
"34360.0","2.3841","4.0151","2.8502"
"34380.0","2.6023","4.0097","2.8259"
"34400.0","2.8127","3.9967","2.8246"
"34420.0","2.7874","3.9754","2.8210"
"34440.0","2.8380","3.9544","2.8226"
"34460.0","2.7447","3.9333","2.8150"
"34480.0","2.9159","3.9037","2.8249"
"34500.0","3.0705","3.8662","2.8490"
"34520.0","2.8447","3.8219","2.8486"
"34540.0","2.4319","3.7657","2.8077"
"34560.0","1.5367","3.6964","2.6831"
"34580.0","1.2742","3.6164","2.5450"
"34600.0","1.5166","3.5401","2.4442"
"34620.0","1.2863","3.4600","2.3306"
"34640.0","1.0197","3.3764","2.2021"
